    2    8    2
 24.305 15.999
    1    1  0.0150  0.0000  0.0000
 -0.124236276748  -0.000000000000   0.000000000000
 -0.011065271715   0.000000000000   0.000000000000
  0.037746119804  -0.000000000000  -0.000000000000
  0.037746119804  -0.000000000000  -0.000000000000
 -0.004517692997   0.000000000000  -0.000000000000
  0.029443436824  -0.000000000000  -0.000000000000
  0.017438122170   0.000000000000  -0.000000000000
  0.017438122170  -0.000000000000  -0.000000000000
    5    1  0.0150  0.0000  0.0000
 -0.004519732167  -0.000000000000   0.000000000000
  0.029448026635   0.000000000000  -0.000000000000
  0.017440507194   0.000000000000   0.000000000000
  0.017440507194   0.000000000000  -0.000000000000
 -0.135686229166   0.000000000000  -0.000000000000
 -0.007395197466   0.000000000000  -0.000000000000
  0.041639719233  -0.000000000000   0.000000000000
  0.041639719233  -0.000000000000   0.000000000000
