    2    8    2
 207.200 127.600
    1    1  0.0200  0.0000  0.0000
 -0.027944186557   0.000000000000  -0.000000000000
  0.000039251921   0.000000000000  -0.000000000000
  0.001021387900  -0.000000000000   0.000000000000
  0.001021387900  -0.000000000000   0.000000000000
  0.000380021902  -0.000000000000   0.000000000000
  0.021666323051   0.000000000000  -0.000000000000
  0.001902287661   0.000000000000   0.000000000000
  0.001902287661  -0.000000000000  -0.000000000000
    5    1  0.0200  0.0000  0.0000
  0.000380277423   0.000000000000  -0.000000000000
  0.021674451928  -0.000000000000   0.000000000000
  0.001903714742   0.000000000000  -0.000000000000
  0.001903714742   0.000000000000   0.000000000000
 -0.035894115369   0.000000000000   0.000000000000
 -0.000309350919  -0.000000000000   0.000000000000
  0.005176273006   0.000000000000  -0.000000000000
  0.005176273006   0.000000000000  -0.000000000000
